# E (eV) pdos(E) 
-13.352  0.844E-05
-13.342  0.130E-04
-13.332  0.199E-04
-13.322  0.302E-04
-13.312  0.451E-04
-13.302  0.668E-04
-13.292  0.978E-04
-13.282  0.142E-03
-13.272  0.203E-03
-13.262  0.288E-03
-13.252  0.405E-03
-13.242  0.561E-03
-13.232  0.772E-03
-13.222  0.105E-02
-13.212  0.141E-02
-13.202  0.187E-02
-13.192  0.246E-02
-13.182  0.321E-02
-13.172  0.413E-02
-13.162  0.527E-02
-13.152  0.662E-02
-13.142  0.828E-02
-13.132  0.102E-01
-13.122  0.125E-01
-13.112  0.151E-01
-13.102  0.182E-01
-13.092  0.215E-01
-13.082  0.253E-01
-13.072  0.295E-01
-13.062  0.341E-01
-13.052  0.390E-01
-13.042  0.444E-01
-13.032  0.501E-01
-13.022  0.561E-01
-13.012  0.627E-01
-13.002  0.695E-01
-12.992  0.770E-01
-12.982  0.848E-01
-12.972  0.933E-01
-12.962  0.103E+00
-12.952  0.113E+00
-12.942  0.124E+00
-12.932  0.137E+00
-12.922  0.152E+00
-12.912  0.168E+00
-12.902  0.186E+00
-12.892  0.206E+00
-12.882  0.229E+00
-12.872  0.254E+00
-12.862  0.281E+00
-12.852  0.309E+00
-12.842  0.340E+00
-12.832  0.372E+00
-12.822  0.405E+00
-12.812  0.439E+00
-12.802  0.471E+00
-12.792  0.504E+00
-12.782  0.535E+00
-12.772  0.565E+00
-12.762  0.593E+00
-12.752  0.617E+00
-12.742  0.640E+00
-12.732  0.659E+00
-12.722  0.678E+00
-12.712  0.695E+00
-12.702  0.709E+00
-12.692  0.722E+00
-12.682  0.736E+00
-12.672  0.750E+00
-12.662  0.763E+00
-12.652  0.776E+00
-12.642  0.791E+00
-12.632  0.807E+00
-12.622  0.822E+00
-12.612  0.841E+00
-12.602  0.857E+00
-12.592  0.871E+00
-12.582  0.885E+00
-12.572  0.898E+00
-12.562  0.906E+00
-12.552  0.912E+00
-12.542  0.913E+00
-12.532  0.910E+00
-12.522  0.904E+00
-12.512  0.890E+00
-12.502  0.874E+00
-12.492  0.854E+00
-12.482  0.831E+00
-12.472  0.806E+00
-12.462  0.780E+00
-12.452  0.754E+00
-12.442  0.729E+00
-12.432  0.705E+00
-12.422  0.686E+00
-12.412  0.666E+00
-12.402  0.651E+00
-12.392  0.638E+00
-12.382  0.630E+00
-12.372  0.625E+00
-12.362  0.623E+00
-12.352  0.623E+00
-12.342  0.626E+00
-12.332  0.633E+00
-12.322  0.643E+00
-12.312  0.655E+00
-12.302  0.670E+00
-12.292  0.690E+00
-12.282  0.711E+00
-12.272  0.738E+00
-12.262  0.766E+00
-12.252  0.801E+00
-12.242  0.840E+00
-12.232  0.882E+00
-12.222  0.930E+00
-12.212  0.979E+00
-12.202  0.103E+01
-12.192  0.109E+01
-12.182  0.114E+01
-12.172  0.119E+01
-12.162  0.124E+01
-12.152  0.128E+01
-12.142  0.132E+01
-12.132  0.135E+01
-12.122  0.137E+01
-12.112  0.138E+01
-12.102  0.138E+01
-12.092  0.137E+01
-12.082  0.136E+01
-12.072  0.134E+01
-12.062  0.131E+01
-12.052  0.128E+01
-12.042  0.124E+01
-12.032  0.120E+01
-12.022  0.116E+01
-12.012  0.113E+01
-12.002  0.110E+01
-11.992  0.107E+01
-11.982  0.104E+01
-11.972  0.102E+01
-11.962  0.100E+01
-11.952  0.991E+00
-11.942  0.978E+00
-11.932  0.966E+00
-11.922  0.956E+00
-11.912  0.945E+00
-11.902  0.932E+00
-11.892  0.915E+00
-11.882  0.895E+00
-11.872  0.871E+00
-11.862  0.840E+00
-11.852  0.808E+00
-11.842  0.770E+00
-11.832  0.732E+00
-11.822  0.688E+00
-11.812  0.645E+00
-11.802  0.604E+00
-11.792  0.566E+00
-11.782  0.528E+00
-11.772  0.495E+00
-11.762  0.468E+00
-11.752  0.449E+00
-11.742  0.437E+00
-11.732  0.432E+00
-11.722  0.436E+00
-11.712  0.449E+00
-11.702  0.470E+00
-11.692  0.499E+00
-11.682  0.535E+00
-11.672  0.576E+00
-11.662  0.622E+00
-11.652  0.671E+00
-11.642  0.722E+00
-11.632  0.771E+00
-11.622  0.820E+00
-11.612  0.862E+00
-11.602  0.901E+00
-11.592  0.933E+00
-11.582  0.956E+00
-11.572  0.971E+00
-11.562  0.976E+00
-11.552  0.972E+00
-11.542  0.959E+00
-11.532  0.938E+00
-11.522  0.909E+00
-11.512  0.875E+00
-11.502  0.837E+00
-11.492  0.798E+00
-11.482  0.759E+00
-11.472  0.721E+00
-11.462  0.689E+00
-11.452  0.664E+00
-11.442  0.647E+00
-11.432  0.641E+00
-11.422  0.646E+00
-11.412  0.664E+00
-11.402  0.696E+00
-11.392  0.743E+00
-11.382  0.802E+00
-11.372  0.877E+00
-11.362  0.963E+00
-11.352  0.106E+01
-11.342  0.116E+01
-11.332  0.127E+01
-11.322  0.139E+01
-11.312  0.151E+01
-11.302  0.162E+01
-11.292  0.173E+01
-11.282  0.182E+01
-11.272  0.190E+01
-11.262  0.197E+01
-11.252  0.202E+01
-11.242  0.206E+01
-11.232  0.207E+01
-11.222  0.206E+01
-11.212  0.203E+01
-11.202  0.198E+01
-11.192  0.191E+01
-11.182  0.183E+01
-11.172  0.173E+01
-11.162  0.162E+01
-11.152  0.150E+01
-11.142  0.138E+01
-11.132  0.125E+01
-11.122  0.113E+01
-11.112  0.100E+01
-11.102  0.887E+00
-11.092  0.778E+00
-11.082  0.675E+00
-11.072  0.583E+00
-11.062  0.501E+00
-11.052  0.430E+00
-11.042  0.371E+00
-11.032  0.323E+00
-11.022  0.287E+00
-11.012  0.262E+00
-11.002  0.247E+00
-10.992  0.242E+00
-10.982  0.248E+00
-10.972  0.263E+00
-10.962  0.287E+00
-10.952  0.320E+00
-10.942  0.361E+00
-10.932  0.410E+00
-10.922  0.467E+00
-10.912  0.529E+00
-10.902  0.597E+00
-10.892  0.670E+00
-10.882  0.745E+00
-10.872  0.826E+00
-10.862  0.907E+00
-10.852  0.987E+00
-10.842  0.107E+01
-10.832  0.115E+01
-10.822  0.122E+01
-10.812  0.129E+01
-10.802  0.135E+01
-10.792  0.141E+01
-10.782  0.146E+01
-10.772  0.151E+01
-10.762  0.154E+01
-10.752  0.157E+01
-10.742  0.160E+01
-10.732  0.161E+01
-10.722  0.162E+01
-10.712  0.162E+01
-10.702  0.162E+01
-10.692  0.161E+01
-10.682  0.159E+01
-10.672  0.157E+01
-10.662  0.154E+01
-10.652  0.151E+01
-10.642  0.147E+01
-10.632  0.142E+01
-10.622  0.137E+01
-10.612  0.132E+01
-10.602  0.125E+01
-10.592  0.119E+01
-10.582  0.112E+01
-10.572  0.105E+01
-10.562  0.971E+00
-10.552  0.895E+00
-10.542  0.819E+00
-10.532  0.744E+00
-10.522  0.671E+00
-10.512  0.603E+00
-10.502  0.538E+00
-10.492  0.478E+00
-10.482  0.426E+00
-10.472  0.381E+00
-10.462  0.343E+00
-10.452  0.313E+00
-10.442  0.292E+00
-10.432  0.278E+00
-10.422  0.274E+00
-10.412  0.276E+00
-10.402  0.287E+00
-10.392  0.304E+00
-10.382  0.329E+00
-10.372  0.360E+00
-10.362  0.396E+00
-10.352  0.437E+00
-10.342  0.484E+00
-10.332  0.532E+00
-10.322  0.583E+00
-10.312  0.636E+00
-10.302  0.689E+00
-10.292  0.743E+00
-10.282  0.796E+00
-10.272  0.846E+00
-10.262  0.894E+00
-10.252  0.940E+00
-10.242  0.982E+00
-10.232  0.102E+01
-10.222  0.105E+01
-10.212  0.108E+01
-10.202  0.111E+01
-10.192  0.113E+01
-10.182  0.115E+01
-10.172  0.116E+01
-10.162  0.117E+01
-10.152  0.119E+01
-10.142  0.120E+01
-10.132  0.121E+01
-10.122  0.123E+01
-10.112  0.125E+01
-10.102  0.128E+01
-10.092  0.131E+01
-10.082  0.135E+01
-10.072  0.140E+01
-10.062  0.147E+01
-10.052  0.154E+01
-10.042  0.163E+01
-10.032  0.172E+01
-10.022  0.183E+01
-10.012  0.195E+01
-10.002  0.208E+01
 -9.992  0.221E+01
 -9.982  0.234E+01
 -9.972  0.248E+01
 -9.962  0.261E+01
 -9.952  0.274E+01
 -9.942  0.287E+01
 -9.932  0.298E+01
 -9.922  0.308E+01
 -9.912  0.316E+01
 -9.902  0.323E+01
 -9.892  0.327E+01
 -9.882  0.329E+01
 -9.872  0.329E+01
 -9.862  0.326E+01
 -9.852  0.322E+01
 -9.842  0.315E+01
 -9.832  0.306E+01
 -9.822  0.296E+01
 -9.812  0.283E+01
 -9.802  0.269E+01
 -9.792  0.253E+01
 -9.782  0.238E+01
 -9.772  0.220E+01
 -9.762  0.203E+01
 -9.752  0.186E+01
 -9.742  0.169E+01
 -9.732  0.152E+01
 -9.722  0.136E+01
 -9.712  0.121E+01
 -9.702  0.107E+01
 -9.692  0.938E+00
 -9.682  0.818E+00
 -9.672  0.710E+00
 -9.662  0.616E+00
 -9.652  0.535E+00
 -9.642  0.466E+00
 -9.632  0.410E+00
 -9.622  0.367E+00
 -9.612  0.335E+00
 -9.602  0.315E+00
 -9.592  0.304E+00
 -9.582  0.304E+00
 -9.572  0.314E+00
 -9.562  0.331E+00
 -9.552  0.357E+00
 -9.542  0.389E+00
 -9.532  0.427E+00
 -9.522  0.469E+00
 -9.512  0.519E+00
 -9.502  0.572E+00
 -9.492  0.629E+00
 -9.482  0.689E+00
 -9.472  0.750E+00
 -9.462  0.814E+00
 -9.452  0.880E+00
 -9.442  0.945E+00
 -9.432  0.101E+01
 -9.422  0.107E+01
 -9.412  0.114E+01
 -9.402  0.120E+01
 -9.392  0.125E+01
 -9.382  0.131E+01
 -9.372  0.135E+01
 -9.362  0.139E+01
 -9.352  0.143E+01
 -9.342  0.145E+01
 -9.332  0.147E+01
 -9.322  0.147E+01
 -9.312  0.147E+01
 -9.302  0.145E+01
 -9.292  0.143E+01
 -9.282  0.139E+01
 -9.272  0.134E+01
 -9.262  0.129E+01
 -9.252  0.122E+01
 -9.242  0.115E+01
 -9.232  0.108E+01
 -9.222  0.100E+01
 -9.212  0.916E+00
 -9.202  0.834E+00
 -9.192  0.751E+00
 -9.182  0.670E+00
 -9.172  0.592E+00
 -9.162  0.519E+00
 -9.152  0.450E+00
 -9.142  0.387E+00
 -9.132  0.330E+00
 -9.122  0.278E+00
 -9.112  0.232E+00
 -9.102  0.191E+00
 -9.092  0.157E+00
 -9.082  0.127E+00
 -9.072  0.103E+00
 -9.062  0.818E-01
 -9.052  0.648E-01
 -9.042  0.512E-01
 -9.032  0.405E-01
 -9.022  0.324E-01
 -9.012  0.266E-01
 -9.002  0.228E-01
 -8.992  0.210E-01
 -8.982  0.211E-01
 -8.972  0.230E-01
 -8.962  0.269E-01
 -8.952  0.329E-01
 -8.942  0.414E-01
 -8.932  0.527E-01
 -8.922  0.671E-01
 -8.912  0.852E-01
 -8.902  0.108E+00
 -8.892  0.135E+00
 -8.882  0.167E+00
 -8.872  0.205E+00
 -8.862  0.250E+00
 -8.852  0.301E+00
 -8.842  0.359E+00
 -8.832  0.423E+00
 -8.822  0.495E+00
 -8.812  0.573E+00
 -8.802  0.657E+00
 -8.792  0.746E+00
 -8.782  0.836E+00
 -8.772  0.936E+00
 -8.762  0.103E+01
 -8.752  0.112E+01
 -8.742  0.122E+01
 -8.732  0.130E+01
 -8.722  0.138E+01
 -8.712  0.145E+01
 -8.702  0.151E+01
 -8.692  0.155E+01
 -8.682  0.158E+01
 -8.672  0.160E+01
 -8.662  0.160E+01
 -8.652  0.159E+01
 -8.642  0.156E+01
 -8.632  0.152E+01
 -8.622  0.146E+01
 -8.612  0.140E+01
 -8.602  0.132E+01
 -8.592  0.124E+01
 -8.582  0.116E+01
 -8.572  0.107E+01
 -8.562  0.988E+00
 -8.552  0.909E+00
 -8.542  0.831E+00
 -8.532  0.761E+00
 -8.522  0.703E+00
 -8.512  0.653E+00
 -8.502  0.615E+00
 -8.492  0.590E+00
 -8.482  0.578E+00
 -8.472  0.580E+00
 -8.462  0.596E+00
 -8.452  0.624E+00
 -8.442  0.667E+00
 -8.432  0.719E+00
 -8.422  0.781E+00
 -8.412  0.853E+00
 -8.402  0.930E+00
 -8.392  0.101E+01
 -8.382  0.110E+01
 -8.372  0.118E+01
 -8.362  0.126E+01
 -8.352  0.134E+01
 -8.342  0.141E+01
 -8.332  0.147E+01
 -8.322  0.152E+01
 -8.312  0.156E+01
 -8.302  0.158E+01
 -8.292  0.159E+01
 -8.282  0.159E+01
 -8.272  0.157E+01
 -8.262  0.153E+01
 -8.252  0.148E+01
 -8.242  0.142E+01
 -8.232  0.135E+01
 -8.222  0.127E+01
 -8.212  0.118E+01
 -8.202  0.109E+01
 -8.192  0.996E+00
 -8.182  0.902E+00
 -8.172  0.809E+00
 -8.162  0.720E+00
 -8.152  0.635E+00
 -8.142  0.556E+00
 -8.132  0.483E+00
 -8.122  0.418E+00
 -8.112  0.360E+00
 -8.102  0.311E+00
 -8.092  0.269E+00
 -8.082  0.235E+00
 -8.072  0.209E+00
 -8.062  0.190E+00
 -8.052  0.178E+00
 -8.042  0.171E+00
 -8.032  0.170E+00
 -8.022  0.175E+00
 -8.012  0.183E+00
 -8.002  0.196E+00
 -7.992  0.211E+00
 -7.982  0.229E+00
 -7.972  0.248E+00
 -7.962  0.268E+00
 -7.952  0.289E+00
 -7.942  0.309E+00
 -7.932  0.328E+00
 -7.922  0.345E+00
 -7.912  0.361E+00
 -7.902  0.373E+00
 -7.892  0.383E+00
 -7.882  0.389E+00
 -7.872  0.391E+00
 -7.862  0.390E+00
 -7.852  0.385E+00
 -7.842  0.377E+00
 -7.832  0.364E+00
 -7.822  0.350E+00
 -7.812  0.332E+00
 -7.802  0.313E+00
 -7.792  0.291E+00
 -7.782  0.269E+00
 -7.772  0.246E+00
 -7.762  0.222E+00
 -7.752  0.199E+00
 -7.742  0.177E+00
 -7.732  0.156E+00
 -7.722  0.135E+00
 -7.712  0.117E+00
 -7.702  0.996E-01
 -7.692  0.841E-01
 -7.682  0.704E-01
 -7.672  0.585E-01
 -7.662  0.482E-01
 -7.652  0.394E-01
 -7.642  0.322E-01
 -7.632  0.263E-01
 -7.622  0.217E-01
 -7.612  0.183E-01
 -7.602  0.160E-01
 -7.592  0.149E-01
 -7.582  0.149E-01
 -7.572  0.161E-01
 -7.562  0.185E-01
 -7.552  0.222E-01
 -7.542  0.275E-01
 -7.532  0.345E-01
 -7.522  0.435E-01
 -7.512  0.546E-01
 -7.502  0.683E-01
 -7.492  0.848E-01
 -7.482  0.104E+00
 -7.472  0.127E+00
 -7.462  0.153E+00
 -7.452  0.184E+00
 -7.442  0.218E+00
 -7.432  0.256E+00
 -7.422  0.299E+00
 -7.412  0.344E+00
 -7.402  0.393E+00
 -7.392  0.446E+00
 -7.382  0.501E+00
 -7.372  0.558E+00
 -7.362  0.617E+00
 -7.352  0.676E+00
 -7.342  0.736E+00
 -7.332  0.794E+00
 -7.322  0.852E+00
 -7.312  0.906E+00
 -7.302  0.957E+00
 -7.292  0.101E+01
 -7.282  0.105E+01
 -7.272  0.109E+01
 -7.262  0.112E+01
 -7.252  0.115E+01
 -7.242  0.118E+01
 -7.232  0.120E+01
 -7.222  0.121E+01
 -7.212  0.122E+01
 -7.202  0.123E+01
 -7.192  0.123E+01
 -7.182  0.122E+01
 -7.172  0.121E+01
 -7.162  0.119E+01
 -7.152  0.117E+01
 -7.142  0.114E+01
 -7.132  0.110E+01
 -7.122  0.107E+01
 -7.112  0.102E+01
 -7.102  0.974E+00
 -7.092  0.923E+00
 -7.082  0.868E+00
 -7.072  0.809E+00
 -7.062  0.750E+00
 -7.052  0.691E+00
 -7.042  0.630E+00
 -7.032  0.571E+00
 -7.022  0.512E+00
 -7.012  0.457E+00
 -7.002  0.403E+00
 -6.992  0.353E+00
 -6.982  0.307E+00
 -6.972  0.265E+00
 -6.962  0.227E+00
 -6.952  0.194E+00
 -6.942  0.165E+00
 -6.932  0.141E+00
 -6.922  0.121E+00
 -6.912  0.106E+00
 -6.902  0.942E-01
 -6.892  0.867E-01
 -6.882  0.831E-01
 -6.872  0.836E-01
 -6.862  0.871E-01
 -6.852  0.940E-01
 -6.842  0.104E+00
 -6.832  0.117E+00
 -6.822  0.133E+00
 -6.812  0.151E+00
 -6.802  0.172E+00
 -6.792  0.195E+00
 -6.782  0.219E+00
 -6.772  0.245E+00
 -6.762  0.270E+00
 -6.752  0.296E+00
 -6.742  0.322E+00
 -6.732  0.346E+00
 -6.722  0.369E+00
 -6.712  0.389E+00
 -6.702  0.406E+00
 -6.692  0.420E+00
 -6.682  0.430E+00
 -6.672  0.437E+00
 -6.662  0.438E+00
 -6.652  0.436E+00
 -6.642  0.429E+00
 -6.632  0.418E+00
 -6.622  0.404E+00
 -6.612  0.386E+00
 -6.602  0.365E+00
 -6.592  0.343E+00
 -6.582  0.318E+00
 -6.572  0.292E+00
 -6.562  0.266E+00
 -6.552  0.240E+00
 -6.542  0.214E+00
 -6.532  0.189E+00
 -6.522  0.166E+00
 -6.512  0.145E+00
 -6.502  0.126E+00
 -6.492  0.109E+00
 -6.482  0.942E-01
 -6.472  0.822E-01
 -6.462  0.727E-01
 -6.452  0.663E-01
 -6.442  0.626E-01
 -6.432  0.618E-01
 -6.422  0.643E-01
 -6.412  0.700E-01
 -6.402  0.790E-01
 -6.392  0.917E-01
 -6.382  0.108E+00
 -6.372  0.129E+00
 -6.362  0.153E+00
 -6.352  0.182E+00
 -6.342  0.214E+00
 -6.332  0.251E+00
 -6.322  0.292E+00
 -6.312  0.336E+00
 -6.302  0.384E+00
 -6.292  0.434E+00
 -6.282  0.486E+00
 -6.272  0.540E+00
 -6.262  0.591E+00
 -6.252  0.643E+00
 -6.242  0.691E+00
 -6.232  0.739E+00
 -6.222  0.779E+00
 -6.212  0.816E+00
 -6.202  0.845E+00
 -6.192  0.869E+00
 -6.182  0.885E+00
 -6.172  0.893E+00
 -6.162  0.896E+00
 -6.152  0.893E+00
 -6.142  0.883E+00
 -6.132  0.870E+00
 -6.122  0.854E+00
 -6.112  0.836E+00
 -6.102  0.820E+00
 -6.092  0.805E+00
 -6.082  0.795E+00
 -6.072  0.791E+00
 -6.062  0.795E+00
 -6.052  0.807E+00
 -6.042  0.829E+00
 -6.032  0.862E+00
 -6.022  0.904E+00
 -6.012  0.958E+00
 -6.002  0.102E+01
 -5.992  0.109E+01
 -5.982  0.116E+01
 -5.972  0.124E+01
 -5.962  0.133E+01
 -5.952  0.141E+01
 -5.942  0.149E+01
 -5.932  0.156E+01
 -5.922  0.162E+01
 -5.912  0.168E+01
 -5.902  0.172E+01
 -5.892  0.174E+01
 -5.882  0.175E+01
 -5.872  0.174E+01
 -5.862  0.172E+01
 -5.852  0.168E+01
 -5.842  0.163E+01
 -5.832  0.156E+01
 -5.822  0.149E+01
 -5.812  0.140E+01
 -5.802  0.130E+01
 -5.792  0.121E+01
 -5.782  0.111E+01
 -5.772  0.101E+01
 -5.762  0.914E+00
 -5.752  0.824E+00
 -5.742  0.740E+00
 -5.732  0.664E+00
 -5.722  0.600E+00
 -5.712  0.546E+00
 -5.702  0.503E+00
 -5.692  0.471E+00
 -5.682  0.451E+00
 -5.672  0.441E+00
 -5.662  0.442E+00
 -5.652  0.453E+00
 -5.642  0.472E+00
 -5.632  0.499E+00
 -5.622  0.531E+00
 -5.612  0.568E+00
 -5.602  0.608E+00
 -5.592  0.648E+00
 -5.582  0.691E+00
 -5.572  0.730E+00
 -5.562  0.764E+00
 -5.552  0.796E+00
 -5.542  0.820E+00
 -5.532  0.838E+00
 -5.522  0.848E+00
 -5.512  0.850E+00
 -5.502  0.845E+00
 -5.492  0.830E+00
 -5.482  0.809E+00
 -5.472  0.781E+00
 -5.462  0.744E+00
 -5.452  0.704E+00
 -5.442  0.657E+00
 -5.432  0.609E+00
 -5.422  0.559E+00
 -5.412  0.507E+00
 -5.402  0.455E+00
 -5.392  0.405E+00
 -5.382  0.357E+00
 -5.372  0.311E+00
 -5.362  0.268E+00
 -5.352  0.229E+00
 -5.342  0.194E+00
 -5.332  0.162E+00
 -5.322  0.134E+00
 -5.312  0.110E+00
 -5.302  0.896E-01
 -5.292  0.720E-01
 -5.282  0.576E-01
 -5.272  0.458E-01
 -5.262  0.363E-01
 -5.252  0.289E-01
 -5.242  0.233E-01
 -5.232  0.193E-01
 -5.222  0.169E-01
 -5.212  0.159E-01
 -5.202  0.162E-01
 -5.192  0.180E-01
 -5.182  0.212E-01
 -5.172  0.259E-01
 -5.162  0.325E-01
 -5.152  0.410E-01
 -5.142  0.518E-01
 -5.132  0.651E-01
 -5.122  0.812E-01
 -5.112  0.100E+00
 -5.102  0.123E+00
 -5.092  0.150E+00
 -5.082  0.180E+00
 -5.072  0.214E+00
 -5.062  0.252E+00
 -5.052  0.294E+00
 -5.042  0.339E+00
 -5.032  0.388E+00
 -5.022  0.438E+00
 -5.012  0.491E+00
 -5.002  0.543E+00
 -4.992  0.596E+00
 -4.982  0.650E+00
 -4.972  0.698E+00
 -4.962  0.744E+00
 -4.952  0.784E+00
 -4.942  0.819E+00
 -4.932  0.845E+00
 -4.922  0.865E+00
 -4.912  0.878E+00
 -4.902  0.880E+00
 -4.892  0.875E+00
 -4.882  0.864E+00
 -4.872  0.843E+00
 -4.862  0.817E+00
 -4.852  0.787E+00
 -4.842  0.753E+00
 -4.832  0.716E+00
 -4.822  0.681E+00
 -4.812  0.647E+00
 -4.802  0.615E+00
 -4.792  0.589E+00
 -4.782  0.569E+00
 -4.772  0.559E+00
 -4.762  0.556E+00
 -4.752  0.568E+00
 -4.742  0.586E+00
 -4.732  0.621E+00
 -4.722  0.666E+00
 -4.712  0.722E+00
 -4.702  0.787E+00
 -4.692  0.863E+00
 -4.682  0.947E+00
 -4.672  0.104E+01
 -4.662  0.113E+01
 -4.652  0.123E+01
 -4.642  0.133E+01
 -4.632  0.142E+01
 -4.622  0.150E+01
 -4.612  0.158E+01
 -4.602  0.165E+01
 -4.592  0.170E+01
 -4.582  0.173E+01
 -4.572  0.175E+01
 -4.562  0.175E+01
 -4.552  0.174E+01
 -4.542  0.171E+01
 -4.532  0.166E+01
 -4.522  0.159E+01
 -4.512  0.152E+01
 -4.502  0.143E+01
 -4.492  0.133E+01
 -4.482  0.123E+01
 -4.472  0.113E+01
 -4.462  0.102E+01
 -4.452  0.913E+00
 -4.442  0.810E+00
 -4.432  0.711E+00
 -4.422  0.617E+00
 -4.412  0.531E+00
 -4.402  0.452E+00
 -4.392  0.381E+00
 -4.382  0.319E+00
 -4.372  0.264E+00
 -4.362  0.217E+00
 -4.352  0.177E+00
 -4.342  0.144E+00
 -4.332  0.118E+00
 -4.322  0.966E-01
 -4.312  0.806E-01
 -4.302  0.688E-01
 -4.292  0.613E-01
 -4.282  0.573E-01
 -4.272  0.565E-01
 -4.262  0.585E-01
 -4.252  0.631E-01
 -4.242  0.699E-01
 -4.232  0.787E-01
 -4.222  0.893E-01
 -4.212  0.101E+00
 -4.202  0.115E+00
 -4.192  0.129E+00
 -4.182  0.144E+00
 -4.172  0.159E+00
 -4.162  0.175E+00
 -4.152  0.189E+00
 -4.142  0.203E+00
 -4.132  0.215E+00
 -4.122  0.227E+00
 -4.112  0.235E+00
 -4.102  0.243E+00
 -4.092  0.248E+00
 -4.082  0.250E+00
 -4.072  0.250E+00
 -4.062  0.249E+00
 -4.052  0.245E+00
 -4.042  0.240E+00
 -4.032  0.234E+00
 -4.022  0.228E+00
 -4.012  0.222E+00
 -4.002  0.217E+00
 -3.992  0.214E+00
 -3.982  0.213E+00
 -3.972  0.218E+00
 -3.962  0.226E+00
 -3.952  0.239E+00
 -3.942  0.259E+00
 -3.932  0.286E+00
 -3.922  0.320E+00
 -3.912  0.363E+00
 -3.902  0.413E+00
 -3.892  0.474E+00
 -3.882  0.543E+00
 -3.872  0.622E+00
 -3.862  0.711E+00
 -3.852  0.809E+00
 -3.842  0.915E+00
 -3.832  0.103E+01
 -3.822  0.115E+01
 -3.812  0.129E+01
 -3.802  0.143E+01
 -3.792  0.157E+01
 -3.782  0.173E+01
 -3.772  0.188E+01
 -3.762  0.205E+01
 -3.752  0.221E+01
 -3.742  0.237E+01
 -3.732  0.254E+01
 -3.722  0.270E+01
 -3.712  0.286E+01
 -3.702  0.301E+01
 -3.692  0.314E+01
 -3.682  0.326E+01
 -3.672  0.337E+01
 -3.662  0.346E+01
 -3.652  0.352E+01
 -3.642  0.356E+01
 -3.632  0.357E+01
 -3.622  0.356E+01
 -3.612  0.351E+01
 -3.602  0.344E+01
 -3.592  0.335E+01
 -3.582  0.322E+01
 -3.572  0.308E+01
 -3.562  0.291E+01
 -3.552  0.273E+01
 -3.542  0.254E+01
 -3.532  0.234E+01
 -3.522  0.213E+01
 -3.512  0.193E+01
 -3.502  0.173E+01
 -3.492  0.155E+01
 -3.482  0.137E+01
 -3.472  0.121E+01
 -3.462  0.106E+01
 -3.452  0.931E+00
 -3.442  0.820E+00
 -3.432  0.724E+00
 -3.422  0.649E+00
 -3.412  0.591E+00
 -3.402  0.549E+00
 -3.392  0.522E+00
 -3.382  0.509E+00
 -3.372  0.508E+00
 -3.362  0.518E+00
 -3.352  0.536E+00
 -3.342  0.562E+00
 -3.332  0.593E+00
 -3.322  0.629E+00
 -3.312  0.667E+00
 -3.302  0.707E+00
 -3.292  0.745E+00
 -3.282  0.783E+00
 -3.272  0.821E+00
 -3.262  0.854E+00
 -3.252  0.885E+00
 -3.242  0.913E+00
 -3.232  0.938E+00
 -3.222  0.957E+00
 -3.212  0.976E+00
 -3.202  0.992E+00
 -3.192  0.100E+01
 -3.182  0.102E+01
 -3.172  0.103E+01
 -3.162  0.104E+01
 -3.152  0.105E+01
 -3.142  0.106E+01
 -3.132  0.107E+01
 -3.122  0.109E+01
 -3.112  0.110E+01
 -3.102  0.111E+01
 -3.092  0.113E+01
 -3.082  0.114E+01
 -3.072  0.115E+01
 -3.062  0.116E+01
 -3.052  0.116E+01
 -3.042  0.116E+01
 -3.032  0.116E+01
 -3.022  0.114E+01
 -3.012  0.112E+01
 -3.002  0.109E+01
 -2.992  0.106E+01
 -2.982  0.102E+01
 -2.972  0.971E+00
 -2.962  0.918E+00
 -2.952  0.861E+00
 -2.942  0.802E+00
 -2.932  0.742E+00
 -2.922  0.682E+00
 -2.912  0.623E+00
 -2.902  0.570E+00
 -2.892  0.520E+00
 -2.882  0.477E+00
 -2.872  0.441E+00
 -2.862  0.412E+00
 -2.852  0.392E+00
 -2.842  0.381E+00
 -2.832  0.379E+00
 -2.822  0.386E+00
 -2.812  0.402E+00
 -2.802  0.426E+00
 -2.792  0.457E+00
 -2.782  0.495E+00
 -2.772  0.538E+00
 -2.762  0.585E+00
 -2.752  0.636E+00
 -2.742  0.687E+00
 -2.732  0.737E+00
 -2.722  0.787E+00
 -2.712  0.834E+00
 -2.702  0.879E+00
 -2.692  0.919E+00
 -2.682  0.955E+00
 -2.672  0.984E+00
 -2.662  0.101E+01
 -2.652  0.104E+01
 -2.642  0.106E+01
 -2.632  0.108E+01
 -2.622  0.110E+01
 -2.612  0.113E+01
 -2.602  0.116E+01
 -2.592  0.119E+01
 -2.582  0.124E+01
 -2.572  0.129E+01
 -2.562  0.136E+01
 -2.552  0.144E+01
 -2.542  0.153E+01
 -2.532  0.163E+01
 -2.522  0.174E+01
 -2.512  0.186E+01
 -2.502  0.199E+01
 -2.492  0.212E+01
 -2.482  0.224E+01
 -2.472  0.237E+01
 -2.462  0.248E+01
 -2.452  0.259E+01
 -2.442  0.267E+01
 -2.432  0.274E+01
 -2.422  0.279E+01
 -2.412  0.282E+01
 -2.402  0.282E+01
 -2.392  0.279E+01
 -2.382  0.274E+01
 -2.372  0.267E+01
 -2.362  0.258E+01
 -2.352  0.248E+01
 -2.342  0.236E+01
 -2.332  0.224E+01
 -2.322  0.211E+01
 -2.312  0.199E+01
 -2.302  0.187E+01
 -2.292  0.176E+01
 -2.282  0.167E+01
 -2.272  0.160E+01
 -2.262  0.154E+01
 -2.252  0.151E+01
 -2.242  0.150E+01
 -2.232  0.150E+01
 -2.222  0.154E+01
 -2.212  0.159E+01
 -2.202  0.166E+01
 -2.192  0.174E+01
 -2.182  0.183E+01
 -2.172  0.193E+01
 -2.162  0.202E+01
 -2.152  0.212E+01
 -2.142  0.220E+01
 -2.132  0.228E+01
 -2.122  0.233E+01
 -2.112  0.237E+01
 -2.102  0.239E+01
 -2.092  0.239E+01
 -2.082  0.237E+01
 -2.072  0.232E+01
 -2.062  0.225E+01
 -2.052  0.216E+01
 -2.042  0.206E+01
 -2.032  0.194E+01
 -2.022  0.180E+01
 -2.012  0.167E+01
 -2.002  0.152E+01
 -1.992  0.138E+01
 -1.982  0.124E+01
 -1.972  0.110E+01
 -1.962  0.974E+00
 -1.952  0.858E+00
 -1.942  0.748E+00
 -1.932  0.655E+00
 -1.922  0.573E+00
 -1.912  0.504E+00
 -1.902  0.448E+00
 -1.892  0.404E+00
 -1.882  0.373E+00
 -1.872  0.352E+00
 -1.862  0.341E+00
 -1.852  0.339E+00
 -1.842  0.345E+00
 -1.832  0.355E+00
 -1.822  0.370E+00
 -1.812  0.389E+00
 -1.802  0.409E+00
 -1.792  0.430E+00
 -1.782  0.449E+00
 -1.772  0.466E+00
 -1.762  0.481E+00
 -1.752  0.493E+00
 -1.742  0.499E+00
 -1.732  0.502E+00
 -1.722  0.499E+00
 -1.712  0.492E+00
 -1.702  0.481E+00
 -1.692  0.466E+00
 -1.682  0.447E+00
 -1.672  0.427E+00
 -1.662  0.405E+00
 -1.652  0.382E+00
 -1.642  0.361E+00
 -1.632  0.340E+00
 -1.622  0.322E+00
 -1.612  0.307E+00
 -1.602  0.296E+00
 -1.592  0.290E+00
 -1.582  0.289E+00
 -1.572  0.293E+00
 -1.562  0.302E+00
 -1.552  0.317E+00
 -1.542  0.336E+00
 -1.532  0.361E+00
 -1.522  0.389E+00
 -1.512  0.421E+00
 -1.502  0.457E+00
 -1.492  0.494E+00
 -1.482  0.534E+00
 -1.472  0.576E+00
 -1.462  0.618E+00
 -1.452  0.663E+00
 -1.442  0.707E+00
 -1.432  0.755E+00
 -1.422  0.804E+00
 -1.412  0.856E+00
 -1.402  0.912E+00
 -1.392  0.974E+00
 -1.382  0.104E+01
 -1.372  0.111E+01
 -1.362  0.120E+01
 -1.352  0.129E+01
 -1.342  0.139E+01
 -1.332  0.150E+01
 -1.322  0.162E+01
 -1.312  0.175E+01
 -1.302  0.188E+01
 -1.292  0.202E+01
 -1.282  0.217E+01
 -1.272  0.231E+01
 -1.262  0.246E+01
 -1.252  0.260E+01
 -1.242  0.274E+01
 -1.232  0.287E+01
 -1.222  0.299E+01
 -1.212  0.309E+01
 -1.202  0.318E+01
 -1.192  0.325E+01
 -1.182  0.330E+01
 -1.172  0.334E+01
 -1.162  0.336E+01
 -1.152  0.336E+01
 -1.142  0.334E+01
 -1.132  0.331E+01
 -1.122  0.326E+01
 -1.112  0.321E+01
 -1.102  0.313E+01
 -1.092  0.306E+01
 -1.082  0.297E+01
 -1.072  0.287E+01
 -1.062  0.278E+01
 -1.052  0.267E+01
 -1.042  0.258E+01
 -1.032  0.248E+01
 -1.022  0.238E+01
 -1.012  0.230E+01
 -1.002  0.221E+01
 -0.992  0.214E+01
 -0.982  0.208E+01
 -0.972  0.203E+01
 -0.962  0.199E+01
 -0.952  0.196E+01
 -0.942  0.194E+01
 -0.932  0.194E+01
 -0.922  0.195E+01
 -0.912  0.197E+01
 -0.902  0.200E+01
 -0.892  0.204E+01
 -0.882  0.209E+01
 -0.872  0.214E+01
 -0.862  0.220E+01
 -0.852  0.226E+01
 -0.842  0.233E+01
 -0.832  0.238E+01
 -0.822  0.244E+01
 -0.812  0.249E+01
 -0.802  0.253E+01
 -0.792  0.256E+01
 -0.782  0.258E+01
 -0.772  0.259E+01
 -0.762  0.258E+01
 -0.752  0.256E+01
 -0.742  0.253E+01
 -0.732  0.249E+01
 -0.722  0.243E+01
 -0.712  0.237E+01
 -0.702  0.230E+01
 -0.692  0.223E+01
 -0.682  0.215E+01
 -0.672  0.207E+01
 -0.662  0.200E+01
 -0.652  0.193E+01
 -0.642  0.186E+01
 -0.632  0.181E+01
 -0.622  0.176E+01
 -0.612  0.173E+01
 -0.602  0.171E+01
 -0.592  0.170E+01
 -0.582  0.171E+01
 -0.572  0.172E+01
 -0.562  0.175E+01
 -0.552  0.178E+01
 -0.542  0.182E+01
 -0.532  0.187E+01
 -0.522  0.193E+01
 -0.512  0.199E+01
 -0.502  0.205E+01
 -0.492  0.212E+01
 -0.482  0.219E+01
 -0.472  0.225E+01
 -0.462  0.232E+01
 -0.452  0.239E+01
 -0.442  0.246E+01
 -0.432  0.253E+01
 -0.422  0.260E+01
 -0.412  0.267E+01
 -0.402  0.274E+01
 -0.392  0.281E+01
 -0.382  0.288E+01
 -0.372  0.294E+01
 -0.362  0.300E+01
 -0.352  0.306E+01
 -0.342  0.310E+01
 -0.332  0.314E+01
 -0.322  0.316E+01
 -0.312  0.317E+01
 -0.302  0.316E+01
 -0.292  0.314E+01
 -0.282  0.310E+01
 -0.272  0.304E+01
 -0.262  0.297E+01
 -0.252  0.288E+01
 -0.242  0.278E+01
 -0.232  0.266E+01
 -0.222  0.254E+01
 -0.212  0.242E+01
 -0.202  0.229E+01
 -0.192  0.217E+01
 -0.182  0.205E+01
 -0.172  0.194E+01
 -0.162  0.183E+01
 -0.152  0.174E+01
 -0.142  0.167E+01
 -0.132  0.160E+01
 -0.122  0.156E+01
 -0.112  0.153E+01
 -0.102  0.152E+01
 -0.092  0.153E+01
 -0.082  0.156E+01
 -0.072  0.160E+01
 -0.062  0.167E+01
 -0.052  0.175E+01
 -0.042  0.184E+01
 -0.032  0.195E+01
 -0.022  0.207E+01
 -0.012  0.220E+01
 -0.002  0.234E+01
  0.008  0.248E+01
  0.018  0.262E+01
  0.028  0.275E+01
  0.038  0.288E+01
  0.048  0.300E+01
  0.058  0.310E+01
  0.068  0.318E+01
  0.078  0.324E+01
  0.088  0.328E+01
  0.098  0.329E+01
  0.108  0.328E+01
  0.118  0.323E+01
  0.128  0.317E+01
  0.138  0.307E+01
  0.148  0.296E+01
  0.158  0.282E+01
  0.168  0.267E+01
  0.178  0.250E+01
  0.188  0.232E+01
  0.198  0.214E+01
  0.208  0.196E+01
  0.218  0.179E+01
  0.228  0.162E+01
  0.238  0.146E+01
  0.248  0.132E+01
  0.258  0.119E+01
  0.268  0.109E+01
  0.278  0.101E+01
  0.288  0.945E+00
  0.298  0.912E+00
  0.308  0.902E+00
  0.318  0.923E+00
  0.328  0.967E+00
  0.338  0.104E+01
  0.348  0.114E+01
  0.358  0.127E+01
  0.368  0.143E+01
  0.378  0.162E+01
  0.388  0.182E+01
  0.398  0.205E+01
  0.408  0.230E+01
  0.418  0.257E+01
  0.428  0.285E+01
  0.438  0.314E+01
  0.448  0.343E+01
  0.458  0.372E+01
  0.468  0.400E+01
  0.478  0.427E+01
  0.488  0.452E+01
  0.498  0.474E+01
  0.508  0.494E+01
  0.518  0.510E+01
  0.528  0.522E+01
  0.538  0.531E+01
  0.548  0.535E+01
  0.558  0.536E+01
  0.568  0.533E+01
  0.578  0.527E+01
  0.588  0.516E+01
  0.598  0.504E+01
  0.608  0.490E+01
  0.618  0.473E+01
  0.628  0.456E+01
  0.638  0.439E+01
  0.648  0.422E+01
  0.658  0.404E+01
  0.668  0.388E+01
  0.678  0.374E+01
  0.688  0.360E+01
  0.698  0.348E+01
  0.708  0.338E+01
  0.718  0.330E+01
  0.728  0.322E+01
  0.738  0.317E+01
  0.748  0.312E+01
  0.758  0.308E+01
  0.768  0.305E+01
  0.778  0.302E+01
  0.788  0.299E+01
  0.798  0.296E+01
  0.808  0.294E+01
  0.818  0.291E+01
  0.828  0.288E+01
  0.838  0.284E+01
  0.848  0.281E+01
  0.858  0.277E+01
  0.868  0.273E+01
  0.878  0.268E+01
  0.888  0.263E+01
  0.898  0.259E+01
  0.908  0.254E+01
  0.918  0.249E+01
  0.928  0.244E+01
  0.938  0.238E+01
  0.948  0.232E+01
  0.958  0.226E+01
  0.968  0.220E+01
  0.978  0.214E+01
  0.988  0.207E+01
  0.998  0.199E+01
  1.008  0.192E+01
  1.018  0.184E+01
  1.028  0.176E+01
  1.038  0.167E+01
  1.048  0.159E+01
  1.058  0.151E+01
  1.068  0.143E+01
  1.078  0.136E+01
  1.088  0.129E+01
  1.098  0.123E+01
  1.108  0.118E+01
  1.118  0.114E+01
  1.128  0.111E+01
  1.138  0.109E+01
  1.148  0.109E+01
  1.158  0.111E+01
  1.168  0.113E+01
  1.178  0.117E+01
  1.188  0.122E+01
  1.198  0.129E+01
  1.208  0.136E+01
  1.218  0.144E+01
  1.228  0.152E+01
  1.238  0.161E+01
  1.248  0.170E+01
  1.258  0.179E+01
  1.268  0.186E+01
  1.278  0.194E+01
  1.288  0.200E+01
  1.298  0.206E+01
  1.308  0.210E+01
  1.318  0.214E+01
  1.328  0.215E+01
  1.338  0.215E+01
  1.348  0.212E+01
  1.358  0.209E+01
  1.368  0.203E+01
  1.378  0.197E+01
  1.388  0.189E+01
  1.398  0.181E+01
  1.408  0.171E+01
  1.418  0.161E+01
  1.428  0.151E+01
  1.438  0.140E+01
  1.448  0.129E+01
  1.458  0.119E+01
  1.468  0.110E+01
  1.478  0.102E+01
  1.488  0.946E+00
  1.498  0.890E+00
  1.508  0.850E+00
  1.518  0.828E+00
  1.528  0.824E+00
  1.538  0.840E+00
  1.548  0.875E+00
  1.558  0.931E+00
  1.568  0.101E+01
  1.578  0.110E+01
  1.588  0.121E+01
  1.598  0.134E+01
  1.608  0.148E+01
  1.618  0.163E+01
  1.628  0.178E+01
  1.638  0.194E+01
  1.648  0.210E+01
  1.658  0.226E+01
  1.668  0.241E+01
  1.678  0.255E+01
  1.688  0.268E+01
  1.698  0.279E+01
  1.708  0.289E+01
  1.718  0.297E+01
  1.728  0.303E+01
  1.738  0.307E+01
  1.748  0.310E+01
  1.758  0.311E+01
  1.768  0.312E+01
  1.778  0.311E+01
  1.788  0.310E+01
  1.798  0.309E+01
  1.808  0.308E+01
  1.818  0.307E+01
  1.828  0.307E+01
  1.838  0.307E+01
  1.848  0.309E+01
  1.858  0.311E+01
  1.868  0.313E+01
  1.878  0.316E+01
  1.888  0.319E+01
  1.898  0.322E+01
  1.908  0.325E+01
  1.918  0.326E+01
  1.928  0.327E+01
  1.938  0.326E+01
  1.948  0.324E+01
  1.958  0.320E+01
  1.968  0.314E+01
  1.978  0.307E+01
  1.988  0.298E+01
  1.998  0.288E+01
  2.008  0.278E+01
  2.018  0.267E+01
  2.028  0.255E+01
  2.038  0.244E+01
  2.048  0.233E+01
  2.058  0.223E+01
  2.068  0.214E+01
  2.078  0.207E+01
  2.088  0.201E+01
  2.098  0.196E+01
  2.108  0.193E+01
  2.118  0.191E+01
  2.128  0.191E+01
  2.138  0.191E+01
  2.148  0.192E+01
  2.158  0.193E+01
  2.168  0.195E+01
  2.178  0.197E+01
  2.188  0.198E+01
  2.198  0.199E+01
  2.208  0.200E+01
  2.218  0.199E+01
  2.228  0.198E+01
  2.238  0.196E+01
  2.248  0.193E+01
  2.258  0.190E+01
  2.268  0.186E+01
  2.278  0.181E+01
  2.288  0.175E+01
  2.298  0.170E+01
  2.308  0.164E+01
  2.318  0.158E+01
  2.328  0.151E+01
  2.338  0.146E+01
  2.348  0.139E+01
  2.358  0.134E+01
  2.368  0.129E+01
  2.378  0.125E+01
  2.388  0.122E+01
  2.398  0.119E+01
  2.408  0.118E+01
  2.418  0.118E+01
  2.428  0.119E+01
  2.438  0.121E+01
  2.448  0.125E+01
  2.458  0.130E+01
  2.468  0.137E+01
  2.478  0.144E+01
  2.488  0.153E+01
  2.498  0.162E+01
  2.508  0.173E+01
  2.518  0.183E+01
  2.528  0.193E+01
  2.538  0.204E+01
  2.548  0.213E+01
  2.558  0.221E+01
  2.568  0.228E+01
  2.578  0.234E+01
  2.588  0.237E+01
  2.598  0.239E+01
  2.608  0.239E+01
  2.618  0.236E+01
  2.628  0.231E+01
  2.638  0.224E+01
  2.648  0.216E+01
  2.658  0.206E+01
  2.668  0.194E+01
  2.678  0.182E+01
  2.688  0.168E+01
  2.698  0.155E+01
  2.708  0.141E+01
  2.718  0.127E+01
  2.728  0.114E+01
  2.738  0.101E+01
  2.748  0.890E+00
  2.758  0.783E+00
  2.768  0.688E+00
  2.778  0.605E+00
  2.788  0.535E+00
  2.798  0.480E+00
  2.808  0.438E+00
  2.818  0.411E+00
  2.828  0.398E+00
  2.838  0.398E+00
  2.848  0.410E+00
  2.858  0.434E+00
  2.868  0.470E+00
  2.878  0.516E+00
  2.888  0.570E+00
  2.898  0.633E+00
  2.908  0.703E+00
  2.918  0.776E+00
  2.928  0.854E+00
  2.938  0.935E+00
  2.948  0.102E+01
  2.958  0.110E+01
  2.968  0.118E+01
  2.978  0.126E+01
  2.988  0.133E+01
  2.998  0.140E+01
  3.008  0.146E+01
  3.018  0.152E+01
  3.028  0.158E+01
  3.038  0.163E+01
  3.048  0.169E+01
  3.058  0.174E+01
  3.068  0.179E+01
  3.078  0.184E+01
  3.088  0.189E+01
  3.098  0.195E+01
  3.108  0.202E+01
  3.118  0.208E+01
  3.128  0.215E+01
  3.138  0.222E+01
  3.148  0.230E+01
  3.158  0.238E+01
  3.168  0.246E+01
  3.178  0.254E+01
  3.188  0.262E+01
  3.198  0.269E+01
  3.208  0.276E+01
  3.218  0.282E+01
  3.228  0.288E+01
  3.238  0.293E+01
  3.248  0.296E+01
  3.258  0.299E+01
  3.268  0.301E+01
  3.278  0.301E+01
  3.288  0.301E+01
  3.298  0.300E+01
  3.308  0.297E+01
  3.318  0.295E+01
  3.328  0.291E+01
  3.338  0.287E+01
  3.348  0.283E+01
  3.358  0.279E+01
  3.368  0.274E+01
  3.378  0.269E+01
  3.388  0.265E+01
  3.398  0.261E+01
  3.408  0.257E+01
  3.418  0.254E+01
  3.428  0.250E+01
  3.438  0.247E+01
  3.448  0.245E+01
  3.458  0.242E+01
  3.468  0.239E+01
  3.478  0.236E+01
  3.488  0.234E+01
  3.498  0.230E+01
  3.508  0.227E+01
  3.518  0.222E+01
  3.528  0.218E+01
  3.538  0.213E+01
  3.548  0.207E+01
  3.558  0.201E+01
  3.568  0.195E+01
  3.578  0.188E+01
  3.588  0.182E+01
  3.598  0.174E+01
  3.608  0.167E+01
  3.618  0.160E+01
  3.628  0.153E+01
  3.638  0.146E+01
  3.648  0.139E+01
  3.658  0.131E+01
  3.668  0.124E+01
  3.678  0.118E+01
  3.688  0.111E+01
  3.698  0.104E+01
  3.708  0.969E+00
  3.718  0.906E+00
  3.728  0.838E+00
  3.738  0.771E+00
  3.748  0.710E+00
  3.758  0.645E+00
  3.768  0.584E+00
  3.778  0.526E+00
  3.788  0.468E+00
  3.798  0.415E+00
  3.808  0.365E+00
  3.818  0.318E+00
  3.828  0.276E+00
  3.838  0.238E+00
  3.848  0.204E+00
  3.858  0.175E+00
  3.868  0.150E+00
  3.878  0.130E+00
  3.888  0.114E+00
  3.898  0.102E+00
  3.908  0.944E-01
  3.918  0.909E-01
  3.928  0.915E-01
  3.938  0.961E-01
  3.948  0.105E+00
  3.958  0.117E+00
  3.968  0.134E+00
  3.978  0.154E+00
  3.988  0.178E+00
  3.998  0.206E+00
  4.008  0.238E+00
  4.018  0.274E+00
  4.028  0.313E+00
  4.038  0.358E+00
  4.048  0.406E+00
  4.058  0.457E+00
  4.068  0.512E+00
  4.078  0.572E+00
  4.088  0.635E+00
  4.098  0.701E+00
  4.108  0.770E+00
  4.118  0.844E+00
  4.128  0.921E+00
  4.138  0.100E+01
  4.148  0.108E+01
  4.158  0.116E+01
  4.168  0.125E+01
  4.178  0.133E+01
  4.188  0.142E+01
  4.198  0.151E+01
  4.208  0.159E+01
  4.218  0.168E+01
  4.228  0.175E+01
  4.238  0.183E+01
  4.248  0.191E+01
  4.258  0.198E+01
  4.268  0.204E+01
  4.278  0.210E+01
  4.288  0.215E+01
  4.298  0.220E+01
  4.308  0.224E+01
  4.318  0.228E+01
  4.328  0.231E+01
  4.338  0.233E+01
  4.348  0.234E+01
  4.358  0.235E+01
  4.368  0.234E+01
  4.378  0.233E+01
  4.388  0.231E+01
  4.398  0.228E+01
  4.408  0.224E+01
  4.418  0.219E+01
  4.428  0.213E+01
  4.438  0.207E+01
  4.448  0.199E+01
  4.458  0.190E+01
  4.468  0.181E+01
  4.478  0.171E+01
  4.488  0.160E+01
  4.498  0.149E+01
  4.508  0.138E+01
  4.518  0.127E+01
  4.528  0.116E+01
  4.538  0.104E+01
  4.548  0.936E+00
  4.558  0.832E+00
  4.568  0.735E+00
  4.578  0.641E+00
  4.588  0.556E+00
  4.598  0.479E+00
  4.608  0.409E+00
  4.618  0.346E+00
  4.628  0.291E+00
  4.638  0.243E+00
  4.648  0.202E+00
  4.658  0.168E+00
  4.668  0.140E+00
  4.678  0.118E+00
  4.688  0.102E+00
  4.698  0.909E-01
  4.708  0.847E-01
  4.718  0.831E-01
  4.728  0.860E-01
  4.738  0.932E-01
  4.748  0.105E+00
  4.758  0.120E+00
  4.768  0.139E+00
  4.778  0.162E+00
  4.788  0.189E+00
  4.798  0.220E+00
  4.808  0.253E+00
  4.818  0.289E+00
  4.828  0.327E+00
  4.838  0.367E+00
  4.848  0.408E+00
  4.858  0.448E+00
  4.868  0.487E+00
  4.878  0.526E+00
  4.888  0.559E+00
  4.898  0.590E+00
  4.908  0.617E+00
  4.918  0.638E+00
  4.928  0.655E+00
  4.938  0.664E+00
  4.948  0.667E+00
  4.958  0.664E+00
  4.968  0.657E+00
  4.978  0.645E+00
  4.988  0.628E+00
  4.998  0.608E+00
  5.008  0.586E+00
  5.018  0.562E+00
  5.028  0.538E+00
  5.038  0.512E+00
  5.048  0.491E+00
  5.058  0.470E+00
  5.068  0.452E+00
  5.078  0.435E+00
  5.088  0.422E+00
  5.098  0.412E+00
  5.108  0.403E+00
  5.118  0.397E+00
  5.128  0.392E+00
  5.138  0.387E+00
  5.148  0.383E+00
  5.158  0.379E+00
  5.168  0.374E+00
  5.178  0.367E+00
  5.188  0.359E+00
  5.198  0.349E+00
  5.208  0.336E+00
  5.218  0.322E+00
  5.228  0.306E+00
  5.238  0.288E+00
  5.248  0.270E+00
  5.258  0.251E+00
  5.268  0.231E+00
  5.278  0.213E+00
  5.288  0.195E+00
  5.298  0.178E+00
  5.308  0.163E+00
  5.318  0.151E+00
  5.328  0.142E+00
  5.338  0.135E+00
  5.348  0.132E+00
  5.358  0.132E+00
  5.368  0.136E+00
  5.378  0.143E+00
  5.388  0.154E+00
  5.398  0.168E+00
  5.408  0.185E+00
  5.418  0.205E+00
  5.428  0.227E+00
  5.438  0.251E+00
  5.448  0.277E+00
  5.458  0.303E+00
  5.468  0.329E+00
  5.478  0.354E+00
  5.488  0.378E+00
  5.498  0.401E+00
  5.508  0.421E+00
  5.518  0.438E+00
  5.528  0.451E+00
  5.538  0.460E+00
  5.548  0.464E+00
  5.558  0.465E+00
  5.568  0.461E+00
  5.578  0.453E+00
  5.588  0.441E+00
  5.598  0.425E+00
  5.608  0.406E+00
  5.618  0.384E+00
  5.628  0.361E+00
  5.638  0.335E+00
  5.648  0.308E+00
  5.658  0.282E+00
  5.668  0.254E+00
  5.678  0.228E+00
  5.688  0.202E+00
  5.698  0.178E+00
  5.708  0.155E+00
  5.718  0.134E+00
  5.728  0.114E+00
  5.738  0.968E-01
  5.748  0.813E-01
  5.758  0.674E-01
  5.768  0.556E-01
  5.778  0.452E-01
  5.788  0.366E-01
  5.798  0.293E-01
  5.808  0.232E-01
  5.818  0.182E-01
  5.828  0.142E-01
  5.838  0.109E-01
  5.848  0.829E-02
  5.858  0.626E-02
  5.868  0.467E-02
  5.878  0.346E-02
  5.888  0.253E-02
  5.898  0.184E-02
  5.908  0.132E-02
  5.918  0.936E-03
  5.928  0.658E-03
  5.938  0.459E-03
  5.948  0.316E-03
  5.958  0.215E-03
  5.968  0.145E-03
  5.978  0.971E-04
  5.988  0.643E-04
  5.998  0.420E-04
  6.008  0.272E-04
  6.018  0.174E-04
  6.028  0.110E-04
  6.038  0.694E-05
  6.048  0.430E-05
  6.058  0.264E-05
  6.068  0.161E-05
  6.078  0.967E-06
  6.088  0.574E-06
  6.098  0.338E-06
  6.108  0.197E-06
  6.118  0.114E-06
  6.128  0.649E-07
  6.138  0.366E-07
  6.148  0.204E-07
  6.158  0.113E-07
  6.168  0.618E-08
  6.178  0.334E-08
  6.188  0.179E-08
  6.198  0.953E-09
  6.208  0.511E-09
  6.218  0.289E-09
  6.228  0.197E-09
  6.238  0.200E-09
  6.248  0.300E-09
  6.258  0.539E-09
  6.268  0.102E-08
  6.278  0.195E-08
  6.288  0.370E-08
  6.298  0.692E-08
  6.308  0.129E-07
  6.318  0.237E-07
  6.328  0.430E-07
  6.338  0.776E-07
  6.348  0.138E-06
  6.358  0.243E-06
  6.368  0.422E-06
  6.378  0.728E-06
  6.388  0.124E-05
  6.398  0.209E-05
  6.408  0.349E-05
  6.418  0.576E-05
  6.428  0.940E-05
  6.438  0.152E-04
  6.448  0.243E-04
  6.458  0.383E-04
  6.468  0.600E-04
  6.478  0.926E-04
  6.488  0.142E-03
  6.498  0.214E-03
  6.508  0.321E-03
  6.518  0.474E-03
  6.528  0.696E-03
  6.538  0.101E-02
  6.548  0.145E-02
  6.558  0.205E-02
  6.568  0.288E-02
  6.578  0.399E-02
  6.588  0.548E-02
  6.598  0.744E-02
  6.608  0.100E-01
  6.618  0.133E-01
  6.628  0.175E-01
  6.638  0.228E-01
  6.648  0.293E-01
  6.658  0.374E-01
  6.668  0.470E-01
  6.678  0.586E-01
  6.688  0.724E-01
  6.698  0.880E-01
  6.708  0.106E+00
  6.718  0.127E+00
  6.728  0.150E+00
  6.738  0.175E+00
  6.748  0.202E+00
  6.758  0.231E+00
  6.768  0.261E+00
  6.778  0.292E+00
  6.788  0.323E+00
  6.798  0.354E+00
  6.808  0.384E+00
  6.818  0.410E+00
  6.828  0.438E+00
  6.838  0.458E+00
  6.848  0.478E+00
  6.858  0.490E+00
  6.868  0.502E+00
  6.878  0.506E+00
  6.888  0.508E+00
  6.898  0.504E+00
  6.908  0.498E+00
  6.918  0.488E+00
  6.928  0.476E+00
  6.938  0.462E+00
  6.948  0.450E+00
  6.958  0.436E+00
  6.968  0.422E+00
  6.978  0.414E+00
  6.988  0.406E+00
  6.998  0.402E+00
  7.008  0.402E+00
  7.018  0.406E+00
  7.028  0.412E+00
  7.038  0.422E+00
  7.048  0.435E+00
  7.058  0.451E+00
  7.068  0.467E+00
  7.078  0.485E+00
  7.088  0.503E+00
  7.098  0.519E+00
  7.108  0.535E+00
  7.118  0.549E+00
  7.128  0.561E+00
  7.138  0.574E+00
  7.148  0.582E+00
  7.158  0.588E+00
  7.168  0.595E+00
  7.178  0.599E+00
  7.188  0.599E+00
  7.198  0.602E+00
  7.208  0.604E+00
  7.218  0.607E+00
  7.228  0.607E+00
  7.238  0.612E+00
  7.248  0.616E+00
  7.258  0.621E+00
  7.268  0.625E+00
  7.278  0.629E+00
  7.288  0.634E+00
  7.298  0.638E+00
  7.308  0.642E+00
  7.318  0.645E+00
  7.328  0.647E+00
  7.338  0.647E+00
  7.348  0.645E+00
  7.358  0.643E+00
  7.368  0.640E+00
  7.378  0.636E+00
  7.388  0.628E+00
  7.398  0.622E+00
  7.408  0.616E+00
  7.418  0.611E+00
  7.428  0.605E+00
  7.438  0.600E+00
  7.448  0.594E+00
  7.458  0.591E+00
  7.468  0.588E+00
  7.478  0.586E+00
  7.488  0.583E+00
  7.498  0.580E+00
  7.508  0.579E+00
  7.518  0.576E+00
  7.528  0.575E+00
  7.538  0.571E+00
  7.548  0.566E+00
  7.558  0.562E+00
  7.568  0.559E+00
  7.578  0.553E+00
  7.588  0.549E+00
  7.598  0.545E+00
  7.608  0.541E+00
  7.618  0.536E+00
  7.628  0.536E+00
  7.638  0.537E+00
  7.648  0.543E+00
  7.658  0.552E+00
  7.668  0.564E+00
  7.678  0.583E+00
  7.688  0.603E+00
  7.698  0.631E+00
  7.708  0.664E+00
  7.718  0.700E+00
  7.728  0.740E+00
  7.738  0.787E+00
  7.748  0.831E+00
  7.758  0.882E+00
  7.768  0.930E+00
  7.778  0.979E+00
  7.788  0.102E+01
  7.798  0.106E+01
  7.808  0.110E+01
  7.818  0.112E+01
  7.828  0.114E+01
  7.838  0.115E+01
  7.848  0.115E+01
  7.858  0.114E+01
  7.868  0.112E+01
  7.878  0.109E+01
  7.888  0.105E+01
  7.898  0.100E+01
  7.908  0.947E+00
  7.918  0.888E+00
  7.928  0.826E+00
  7.938  0.761E+00
  7.948  0.696E+00
  7.958  0.631E+00
  7.968  0.570E+00
  7.978  0.513E+00
  7.988  0.460E+00
  7.998  0.414E+00
  8.008  0.374E+00
  8.018  0.341E+00
  8.028  0.316E+00
  8.038  0.299E+00
  8.048  0.289E+00
  8.058  0.287E+00
  8.068  0.291E+00
  8.078  0.302E+00
  8.088  0.320E+00
  8.098  0.342E+00
  8.108  0.370E+00
  8.118  0.401E+00
  8.128  0.435E+00
  8.138  0.472E+00
  8.148  0.511E+00
  8.158  0.550E+00
  8.168  0.589E+00
  8.178  0.625E+00
  8.188  0.661E+00
  8.198  0.695E+00
  8.208  0.726E+00
  8.218  0.753E+00
  8.228  0.778E+00
  8.238  0.797E+00
  8.248  0.817E+00
  8.258  0.833E+00
  8.268  0.847E+00
  8.278  0.861E+00
  8.288  0.875E+00
  8.298  0.892E+00
  8.308  0.908E+00
  8.318  0.927E+00
  8.328  0.949E+00
  8.338  0.973E+00
  8.348  0.100E+01
  8.358  0.103E+01
  8.368  0.106E+01
  8.378  0.110E+01
  8.388  0.113E+01
  8.398  0.117E+01
  8.408  0.120E+01
  8.418  0.123E+01
  8.428  0.125E+01
  8.438  0.126E+01
  8.448  0.127E+01
  8.458  0.127E+01
  8.468  0.125E+01
  8.478  0.123E+01
  8.488  0.120E+01
  8.498  0.116E+01
  8.508  0.111E+01
  8.518  0.106E+01
  8.528  0.996E+00
  8.538  0.929E+00
  8.548  0.860E+00
  8.558  0.787E+00
  8.568  0.716E+00
  8.578  0.647E+00
  8.588  0.583E+00
  8.598  0.520E+00
  8.608  0.466E+00
  8.618  0.418E+00
  8.628  0.379E+00
  8.638  0.349E+00
  8.648  0.328E+00
  8.658  0.317E+00
  8.668  0.316E+00
  8.678  0.326E+00
  8.688  0.345E+00
  8.698  0.375E+00
  8.708  0.416E+00
  8.718  0.464E+00
  8.728  0.520E+00
  8.738  0.586E+00
  8.748  0.659E+00
  8.758  0.735E+00
  8.768  0.818E+00
  8.778  0.898E+00
  8.788  0.980E+00
  8.798  0.106E+01
  8.808  0.114E+01
  8.818  0.120E+01
  8.828  0.127E+01
  8.838  0.132E+01
  8.848  0.136E+01
  8.858  0.138E+01
  8.868  0.140E+01
  8.878  0.140E+01
  8.888  0.138E+01
  8.898  0.136E+01
  8.908  0.131E+01
  8.918  0.126E+01
  8.928  0.120E+01
  8.938  0.113E+01
  8.948  0.105E+01
  8.958  0.971E+00
  8.968  0.887E+00
  8.978  0.805E+00
  8.988  0.723E+00
  8.998  0.648E+00
  9.008  0.575E+00
  9.018  0.506E+00
  9.028  0.448E+00
  9.038  0.394E+00
  9.048  0.350E+00
  9.058  0.313E+00
  9.068  0.285E+00
  9.078  0.264E+00
  9.088  0.249E+00
  9.098  0.242E+00
  9.108  0.241E+00
  9.118  0.244E+00
  9.128  0.252E+00
  9.138  0.263E+00
  9.148  0.277E+00
  9.158  0.293E+00
  9.168  0.309E+00
  9.178  0.327E+00
  9.188  0.343E+00
  9.198  0.359E+00
  9.208  0.374E+00
  9.218  0.388E+00
  9.228  0.400E+00
  9.238  0.410E+00
  9.248  0.418E+00
  9.258  0.426E+00
  9.268  0.432E+00
  9.278  0.437E+00
  9.288  0.443E+00
  9.298  0.447E+00
  9.308  0.453E+00
  9.318  0.461E+00
  9.328  0.469E+00
  9.338  0.481E+00
  9.348  0.494E+00
  9.358  0.510E+00
  9.368  0.530E+00
  9.378  0.551E+00
  9.388  0.576E+00
  9.398  0.604E+00
  9.408  0.634E+00
  9.418  0.665E+00
  9.428  0.699E+00
  9.438  0.733E+00
  9.448  0.766E+00
  9.458  0.799E+00
  9.468  0.831E+00
  9.478  0.860E+00
  9.488  0.886E+00
  9.498  0.909E+00
  9.508  0.926E+00
  9.518  0.938E+00
  9.528  0.945E+00
  9.538  0.944E+00
  9.548  0.939E+00
  9.558  0.928E+00
  9.568  0.909E+00
  9.578  0.887E+00
  9.588  0.859E+00
  9.598  0.827E+00
  9.608  0.791E+00
  9.618  0.753E+00
  9.628  0.713E+00
  9.638  0.672E+00
  9.648  0.631E+00
  9.658  0.591E+00
  9.668  0.554E+00
  9.678  0.518E+00
  9.688  0.486E+00
  9.698  0.458E+00
  9.708  0.434E+00
  9.718  0.415E+00
  9.728  0.401E+00
  9.738  0.393E+00
  9.748  0.392E+00
  9.758  0.395E+00
  9.768  0.405E+00
  9.778  0.421E+00
  9.788  0.444E+00
  9.798  0.475E+00
  9.808  0.511E+00
  9.818  0.555E+00
  9.828  0.607E+00
  9.838  0.666E+00
  9.848  0.732E+00
  9.858  0.804E+00
  9.868  0.883E+00
  9.878  0.967E+00
  9.888  0.106E+01
  9.898  0.115E+01
  9.908  0.124E+01
  9.918  0.133E+01
  9.928  0.142E+01
  9.938  0.151E+01
  9.948  0.159E+01
  9.958  0.166E+01
  9.968  0.172E+01
  9.978  0.177E+01
  9.988  0.180E+01
  9.998  0.182E+01
 10.008  0.182E+01
 10.018  0.181E+01
 10.028  0.178E+01
 10.038  0.173E+01
 10.048  0.167E+01
 10.058  0.160E+01
 10.068  0.153E+01
 10.078  0.144E+01
 10.088  0.135E+01
 10.098  0.127E+01
 10.108  0.118E+01
 10.118  0.110E+01
 10.128  0.104E+01
 10.138  0.977E+00
 10.148  0.931E+00
 10.158  0.901E+00
 10.168  0.884E+00
 10.178  0.884E+00
 10.188  0.900E+00
 10.198  0.932E+00
 10.208  0.976E+00
 10.218  0.104E+01
 10.228  0.110E+01
 10.238  0.119E+01
 10.248  0.127E+01
 10.258  0.136E+01
 10.268  0.145E+01
 10.278  0.154E+01
 10.288  0.162E+01
 10.298  0.169E+01
 10.308  0.176E+01
 10.318  0.181E+01
 10.328  0.185E+01
 10.338  0.188E+01
 10.348  0.188E+01
 10.358  0.188E+01
 10.368  0.186E+01
 10.378  0.183E+01
 10.388  0.178E+01
 10.398  0.173E+01
 10.408  0.166E+01
 10.418  0.159E+01
 10.428  0.152E+01
 10.438  0.145E+01
 10.448  0.138E+01
 10.458  0.131E+01
 10.468  0.124E+01
 10.478  0.118E+01
 10.488  0.113E+01
 10.498  0.108E+01
 10.508  0.104E+01
 10.518  0.101E+01
 10.528  0.978E+00
 10.538  0.952E+00
 10.548  0.932E+00
 10.558  0.917E+00
 10.568  0.899E+00
 10.578  0.884E+00
 10.588  0.871E+00
 10.598  0.858E+00
 10.608  0.844E+00
 10.618  0.831E+00
 10.628  0.817E+00
 10.638  0.804E+00
 10.648  0.790E+00
 10.658  0.777E+00
 10.668  0.766E+00
 10.678  0.757E+00
 10.688  0.750E+00
 10.698  0.744E+00
 10.708  0.740E+00
 10.718  0.739E+00
 10.728  0.739E+00
 10.738  0.740E+00
 10.748  0.744E+00
 10.758  0.748E+00
 10.768  0.752E+00
 10.778  0.755E+00
 10.788  0.758E+00
 10.798  0.760E+00
 10.808  0.760E+00
 10.818  0.755E+00
 10.828  0.750E+00
 10.838  0.741E+00
 10.848  0.728E+00
 10.858  0.711E+00
 10.868  0.694E+00
 10.878  0.669E+00
 10.888  0.644E+00
 10.898  0.615E+00
 10.908  0.583E+00
 10.918  0.550E+00
 10.928  0.516E+00
 10.938  0.481E+00
 10.948  0.446E+00
 10.958  0.411E+00
 10.968  0.377E+00
 10.978  0.345E+00
 10.988  0.314E+00
 10.998  0.287E+00
 11.008  0.261E+00
 11.018  0.239E+00
 11.028  0.220E+00
 11.038  0.204E+00
 11.048  0.191E+00
 11.058  0.181E+00
 11.068  0.173E+00
 11.078  0.167E+00
 11.088  0.164E+00
 11.098  0.162E+00
 11.108  0.161E+00
 11.118  0.161E+00
 11.128  0.161E+00
 11.138  0.161E+00
 11.148  0.161E+00
 11.158  0.161E+00
 11.168  0.161E+00
 11.178  0.161E+00
 11.188  0.160E+00
 11.198  0.160E+00
 11.208  0.161E+00
 11.218  0.162E+00
 11.228  0.165E+00
 11.238  0.170E+00
 11.248  0.177E+00
 11.258  0.188E+00
 11.268  0.203E+00
 11.278  0.222E+00
 11.288  0.246E+00
 11.298  0.275E+00
 11.308  0.310E+00
 11.318  0.352E+00
 11.328  0.399E+00
 11.338  0.452E+00
 11.348  0.510E+00
 11.358  0.574E+00
 11.368  0.643E+00
 11.378  0.714E+00
 11.388  0.788E+00
 11.398  0.866E+00
 11.408  0.943E+00
 11.418  0.102E+01
 11.428  0.109E+01
 11.438  0.116E+01
 11.448  0.123E+01
 11.458  0.128E+01
 11.468  0.134E+01
 11.478  0.138E+01
 11.488  0.141E+01
 11.498  0.144E+01
 11.508  0.145E+01
 11.518  0.146E+01
 11.528  0.146E+01
 11.538  0.144E+01
 11.548  0.142E+01
 11.558  0.140E+01
 11.568  0.136E+01
 11.578  0.133E+01
 11.588  0.129E+01
 11.598  0.124E+01
 11.608  0.120E+01
 11.618  0.115E+01
 11.628  0.111E+01
 11.638  0.106E+01
 11.648  0.102E+01
 11.658  0.984E+00
 11.668  0.949E+00
 11.678  0.914E+00
 11.688  0.884E+00
 11.698  0.855E+00
 11.708  0.829E+00
 11.718  0.804E+00
 11.728  0.784E+00
 11.738  0.764E+00
 11.748  0.745E+00
 11.758  0.728E+00
 11.768  0.713E+00
 11.778  0.698E+00
 11.788  0.683E+00
 11.798  0.668E+00
 11.808  0.655E+00
 11.818  0.640E+00
 11.828  0.626E+00
 11.838  0.610E+00
 11.848  0.595E+00
 11.858  0.578E+00
 11.868  0.561E+00
 11.878  0.543E+00
 11.888  0.523E+00
 11.898  0.500E+00
 11.908  0.477E+00
 11.918  0.453E+00
 11.928  0.427E+00
 11.938  0.401E+00
 11.948  0.374E+00
 11.958  0.345E+00
 11.968  0.317E+00
 11.978  0.290E+00
 11.988  0.263E+00
 11.998  0.236E+00
 12.008  0.212E+00
 12.018  0.189E+00
 12.028  0.168E+00
 12.038  0.150E+00
 12.048  0.134E+00
 12.058  0.121E+00
 12.068  0.111E+00
 12.078  0.104E+00
 12.088  0.998E-01
 12.098  0.989E-01
 12.108  0.101E+00
 12.118  0.106E+00
 12.128  0.113E+00
 12.138  0.123E+00
 12.148  0.135E+00
 12.158  0.148E+00
 12.168  0.164E+00
 12.178  0.180E+00
 12.188  0.197E+00
 12.198  0.214E+00
 12.208  0.231E+00
 12.218  0.248E+00
 12.228  0.264E+00
 12.238  0.279E+00
 12.248  0.293E+00
 12.258  0.306E+00
 12.268  0.318E+00
 12.278  0.330E+00
 12.288  0.341E+00
 12.298  0.352E+00
 12.308  0.364E+00
 12.318  0.378E+00
 12.328  0.394E+00
 12.338  0.413E+00
 12.348  0.436E+00
 12.358  0.463E+00
 12.368  0.495E+00
 12.378  0.531E+00
 12.388  0.574E+00
 12.398  0.619E+00
 12.408  0.670E+00
 12.418  0.723E+00
 12.428  0.781E+00
 12.438  0.841E+00
 12.448  0.900E+00
 12.458  0.960E+00
 12.468  0.102E+01
 12.478  0.108E+01
 12.488  0.113E+01
 12.498  0.118E+01
 12.508  0.123E+01
 12.518  0.128E+01
 12.528  0.132E+01
 12.538  0.135E+01
 12.548  0.139E+01
 12.558  0.142E+01
 12.568  0.145E+01
 12.578  0.147E+01
 12.588  0.150E+01
 12.598  0.152E+01
 12.608  0.155E+01
 12.618  0.157E+01
 12.628  0.159E+01
 12.638  0.161E+01
 12.648  0.163E+01
 12.658  0.165E+01
 12.668  0.166E+01
 12.678  0.166E+01
 12.688  0.166E+01
 12.698  0.165E+01
 12.708  0.164E+01
 12.718  0.162E+01
 12.728  0.159E+01
 12.738  0.155E+01
 12.748  0.150E+01
 12.758  0.145E+01
 12.768  0.139E+01
 12.778  0.134E+01
 12.788  0.127E+01
 12.798  0.121E+01
 12.808  0.114E+01
 12.818  0.107E+01
 12.828  0.101E+01
 12.838  0.947E+00
 12.848  0.890E+00
 12.858  0.839E+00
 12.868  0.790E+00
 12.878  0.746E+00
 12.888  0.707E+00
 12.898  0.671E+00
 12.908  0.640E+00
 12.918  0.612E+00
 12.928  0.587E+00
 12.938  0.564E+00
 12.948  0.542E+00
 12.958  0.521E+00
 12.968  0.501E+00
 12.978  0.481E+00
 12.988  0.461E+00
 12.998  0.440E+00
 13.008  0.420E+00
 13.018  0.400E+00
 13.028  0.380E+00
 13.038  0.362E+00
 13.048  0.345E+00
 13.058  0.331E+00
 13.068  0.319E+00
 13.078  0.311E+00
 13.088  0.308E+00
 13.098  0.309E+00
 13.108  0.315E+00
 13.118  0.327E+00
 13.128  0.343E+00
 13.138  0.366E+00
 13.148  0.394E+00
 13.158  0.426E+00
 13.168  0.463E+00
 13.178  0.504E+00
 13.188  0.547E+00
 13.198  0.593E+00
 13.208  0.639E+00
 13.218  0.683E+00
 13.228  0.726E+00
 13.238  0.766E+00
 13.248  0.800E+00
 13.258  0.830E+00
 13.268  0.854E+00
 13.278  0.872E+00
 13.288  0.881E+00
 13.298  0.882E+00
 13.308  0.875E+00
 13.318  0.860E+00
 13.328  0.838E+00
 13.338  0.809E+00
 13.348  0.774E+00
 13.358  0.733E+00
 13.368  0.689E+00
 13.378  0.641E+00
 13.388  0.591E+00
 13.398  0.540E+00
 13.408  0.490E+00
 13.418  0.440E+00
 13.428  0.392E+00
 13.438  0.348E+00
 13.448  0.307E+00
 13.458  0.270E+00
 13.468  0.238E+00
 13.478  0.210E+00
 13.488  0.188E+00
 13.498  0.170E+00
 13.508  0.158E+00
 13.518  0.151E+00
 13.528  0.149E+00
 13.538  0.152E+00
 13.548  0.161E+00
 13.558  0.174E+00
 13.568  0.194E+00
 13.578  0.219E+00
 13.588  0.250E+00
 13.598  0.287E+00
 13.608  0.330E+00
 13.618  0.381E+00
 13.628  0.438E+00
 13.638  0.502E+00
 13.648  0.574E+00
 13.658  0.653E+00
 13.668  0.740E+00
 13.678  0.834E+00
 13.688  0.934E+00
 13.698  0.104E+01
 13.708  0.115E+01
 13.718  0.127E+01
 13.728  0.138E+01
 13.738  0.150E+01
 13.748  0.162E+01
 13.758  0.173E+01
 13.768  0.183E+01
 13.778  0.194E+01
 13.788  0.203E+01
 13.798  0.210E+01
 13.808  0.217E+01
 13.818  0.223E+01
 13.828  0.227E+01
 13.838  0.229E+01
 13.848  0.231E+01
 13.858  0.231E+01
 13.868  0.229E+01
 13.878  0.227E+01
 13.888  0.224E+01
 13.898  0.220E+01
 13.908  0.215E+01
 13.918  0.211E+01
 13.928  0.206E+01
 13.938  0.201E+01
 13.948  0.196E+01
 13.958  0.192E+01
 13.968  0.188E+01
 13.978  0.184E+01
 13.988  0.180E+01
 13.998  0.177E+01
 14.008  0.175E+01
 14.018  0.172E+01
 14.028  0.169E+01
 14.038  0.166E+01
 14.048  0.163E+01
 14.058  0.160E+01
 14.068  0.156E+01
 14.078  0.151E+01
 14.088  0.146E+01
 14.098  0.140E+01
 14.108  0.133E+01
 14.118  0.127E+01
 14.128  0.119E+01
 14.138  0.111E+01
 14.148  0.103E+01
 14.158  0.945E+00
 14.168  0.863E+00
 14.178  0.780E+00
 14.188  0.703E+00
 14.198  0.628E+00
 14.208  0.559E+00
 14.218  0.496E+00
 14.228  0.439E+00
 14.238  0.390E+00
 14.248  0.348E+00
 14.258  0.314E+00
 14.268  0.286E+00
 14.278  0.266E+00
 14.288  0.251E+00
 14.298  0.243E+00
 14.308  0.239E+00
 14.318  0.240E+00
 14.328  0.244E+00
 14.338  0.252E+00
 14.348  0.262E+00
 14.358  0.274E+00
 14.368  0.287E+00
 14.378  0.302E+00
 14.388  0.317E+00
 14.398  0.333E+00
 14.408  0.349E+00
 14.418  0.365E+00
 14.428  0.381E+00
 14.438  0.397E+00
 14.448  0.413E+00
 14.458  0.428E+00
 14.468  0.442E+00
 14.478  0.456E+00
 14.488  0.468E+00
 14.498  0.478E+00
 14.508  0.487E+00
 14.518  0.493E+00
 14.528  0.496E+00
 14.538  0.497E+00
 14.548  0.493E+00
 14.558  0.486E+00
 14.568  0.476E+00
 14.578  0.462E+00
 14.588  0.445E+00
 14.598  0.425E+00
 14.608  0.401E+00
 14.618  0.376E+00
 14.628  0.349E+00
 14.638  0.321E+00
 14.648  0.292E+00
 14.658  0.263E+00
 14.668  0.235E+00
 14.678  0.207E+00
 14.688  0.181E+00
 14.698  0.157E+00
 14.708  0.134E+00
 14.718  0.113E+00
 14.728  0.951E-01
 14.738  0.787E-01
 14.748  0.647E-01
 14.758  0.525E-01
 14.768  0.421E-01
 14.778  0.334E-01
 14.788  0.263E-01
 14.798  0.204E-01
 14.808  0.157E-01
 14.818  0.120E-01
 14.828  0.902E-02
 14.838  0.672E-02
 14.848  0.494E-02
 14.858  0.361E-02
 14.868  0.260E-02
 14.878  0.186E-02
 14.888  0.131E-02
 14.898  0.914E-03
 14.908  0.632E-03
 14.918  0.432E-03
 14.928  0.293E-03
 14.938  0.197E-03
 14.948  0.132E-03
 14.958  0.899E-04
 14.968  0.634E-04
 14.978  0.490E-04
 14.988  0.443E-04
 14.998  0.486E-04
 15.008  0.623E-04
 15.018  0.875E-04
 15.028  0.128E-03
 15.038  0.188E-03
 15.048  0.277E-03
 15.058  0.406E-03
 15.068  0.588E-03
 15.078  0.845E-03
 15.088  0.120E-02
 15.098  0.168E-02
 15.108  0.234E-02
 15.118  0.321E-02
 15.128  0.437E-02
 15.138  0.589E-02
 15.148  0.784E-02
 15.158  0.103E-01
 15.168  0.134E-01
 15.178  0.173E-01
 15.188  0.221E-01
 15.198  0.278E-01
 15.208  0.347E-01
 15.218  0.429E-01
 15.228  0.523E-01
 15.238  0.631E-01
 15.248  0.754E-01
 15.258  0.893E-01
 15.268  0.104E+00
 15.278  0.121E+00
 15.288  0.138E+00
 15.298  0.157E+00
 15.308  0.175E+00
 15.318  0.194E+00
 15.328  0.213E+00
 15.338  0.231E+00
 15.348  0.248E+00
 15.358  0.263E+00
 15.368  0.276E+00
 15.378  0.287E+00
 15.388  0.295E+00
 15.398  0.300E+00
 15.408  0.302E+00
 15.418  0.300E+00
 15.428  0.296E+00
 15.438  0.288E+00
 15.448  0.277E+00
 15.458  0.264E+00
 15.468  0.249E+00
 15.478  0.233E+00
 15.488  0.215E+00
 15.498  0.196E+00
 15.508  0.177E+00
 15.518  0.159E+00
 15.528  0.140E+00
 15.538  0.123E+00
 15.548  0.107E+00
 15.558  0.923E-01
 15.568  0.788E-01
 15.578  0.671E-01
 15.588  0.571E-01
 15.598  0.486E-01
 15.608  0.416E-01
 15.618  0.362E-01
 15.628  0.322E-01
 15.638  0.294E-01
 15.648  0.278E-01
 15.658  0.272E-01
 15.668  0.276E-01
 15.678  0.288E-01
 15.688  0.305E-01
 15.698  0.329E-01
 15.708  0.357E-01
 15.718  0.387E-01
 15.728  0.420E-01
 15.738  0.453E-01
 15.748  0.486E-01
 15.758  0.518E-01
 15.768  0.547E-01
 15.778  0.575E-01
 15.788  0.600E-01
 15.798  0.621E-01
 15.808  0.641E-01
 15.818  0.660E-01
 15.828  0.678E-01
 15.838  0.697E-01
 15.848  0.720E-01
 15.858  0.745E-01
 15.868  0.779E-01
 15.878  0.823E-01
 15.888  0.876E-01
 15.898  0.943E-01
 15.908  0.103E+00
 15.918  0.112E+00
 15.928  0.124E+00
 15.938  0.137E+00
 15.948  0.152E+00
 15.958  0.168E+00
 15.968  0.186E+00
 15.978  0.204E+00
 15.988  0.223E+00
 15.998  0.242E+00
 16.008  0.261E+00
 16.018  0.278E+00
 16.028  0.294E+00
 16.038  0.309E+00
 16.048  0.320E+00
 16.058  0.329E+00
 16.068  0.334E+00
 16.078  0.337E+00
 16.088  0.335E+00
 16.098  0.330E+00
 16.108  0.322E+00
 16.118  0.310E+00
 16.128  0.296E+00
 16.138  0.280E+00
 16.148  0.261E+00
 16.158  0.242E+00
 16.168  0.221E+00
 16.178  0.200E+00
 16.188  0.179E+00
 16.198  0.158E+00
 16.208  0.139E+00
 16.218  0.120E+00
 16.228  0.103E+00
 16.238  0.873E-01
 16.248  0.731E-01
 16.258  0.607E-01
 16.268  0.498E-01
 16.278  0.404E-01
 16.288  0.325E-01
 16.298  0.258E-01
 16.308  0.203E-01
 16.318  0.158E-01
 16.328  0.121E-01
 16.338  0.925E-02
 16.348  0.697E-02
 16.358  0.518E-02
 16.368  0.382E-02
 16.378  0.278E-02
 16.388  0.201E-02
 16.398  0.143E-02
 16.408  0.101E-02
 16.418  0.704E-03
 16.428  0.487E-03
 16.438  0.333E-03
 16.448  0.225E-03
 16.458  0.150E-03
 16.468  0.996E-04
 16.478  0.649E-04
 16.488  0.421E-04
 16.498  0.270E-04
